STARLINK-34419          
1 64412U 25129A   25195.91668981 -.00016500  00000+0 -37396-3 0  9990
2 64412  69.9997 317.7883 0003385 274.5900 155.1346 15.42729680  5656
STARLINK-34275          
1 64413U 25129B   25195.91668981 -.00018674  00000+0 -42393-3 0  9998
2 64413  69.9998 317.8087 0003066 271.5747 141.1713 15.42721215  5656
STARLINK-34225          
1 64414U 25129C   25196.05003131  .00034537  00000+0  78743-3 0  9997
2 64414  70.0003 317.5309 0004063 268.1159  91.9558 15.42750206  5592
STARLINK-34422          
1 64415U 25129D   25196.18277603  .00037627  00000+0  85747-3 0  9994
2 64415  70.0005 317.1934 0003427 266.9536  93.1254 15.42744582  5501
STARLINK-34514          
1 64416U 25129E   25196.06120289  .00033295  00000+0  76020-3 0  9990
2 64416  70.0006 317.5726 0003480 268.0103  92.0680 15.42719262  5595
STARLINK-34487          
1 64417U 25129F   25196.25002315  .00092994  00000+0  21041-2 0  9994
2 64417  70.0006 316.9600 0003491 267.1398 151.3110 15.42673808  5512
STARLINK-34461          
1 64418U 25129G   25196.16668981  .00105395  00000+0  23824-2 0  9993
2 64418  69.9998 317.0822 0003391 273.3114 132.4926 15.42649112  5619
STARLINK-34512          
1 64419U 25129H   25195.82635443 -.00100766  00000+0 -16678-2 0  9991
2 64419  70.0005 317.9502 0003069 278.8173  81.2666 15.52322243  5406
STARLINK-34503          
1 64420U 25129J   25196.25002315 -.01327417  00000+0 -32516-1 0  9990
2 64420  70.0003 316.8300 0003650 273.1059 256.7665 15.43722193  5469
STARLINK-34498          
1 64421U 25129K   25196.06535577  .00031697  00000+0  72390-3 0  9996
2 64421  70.0007 317.5873 0001211 282.2099  77.8947 15.42728669  5595
STARLINK-34434          
1 64422U 25129L   25196.05723855  .00034293  00000+0  78251-3 0  9991
2 64422  70.0008 317.5572 0003388 272.8193  87.2601 15.42729900  5591
STARLINK-34467          
1 64423U 25129M   25196.04913341  .00030127  00000+0  68795-3 0  9996
2 64423  70.0004 317.5285 0003215 266.6574  93.4240 15.42742698  5599
STARLINK-34468          
1 64424U 25129N   25196.25002315  .00095592  00000+0  21621-2 0  9993
2 64424  70.0003 316.9343 0003765 274.8328 165.6176 15.42672561  5620
STARLINK-34452          
1 64425U 25129P   25195.91668981 -.00008932  00000+0 -20068-3 0  9992
2 64425  69.9996 317.7810 0003310 275.1179 159.6104 15.42731072  5651
STARLINK-34432          
1 64426U 25129Q   25194.79305679  .00072836  00000+0  11774-2 0  9995
2 64426  70.0010 320.7643 0004387 295.0619  65.0113 15.52477487  5349
STARLINK-34480          
1 64427U 25129R   25196.08135375  .00033115  00000+0  54296-3 0  9998
2 64427  70.0007 317.2327 0003136 312.1912  47.9008 15.52302192  5605
STARLINK-34495          
1 64428U 25129S   25196.06318229  .00031548  00000+0  72055-3 0  9999
2 64428  70.0008 317.5782 0003787 265.4600  94.6149 15.42722292  5590
STARLINK-34501          
1 64429U 25129T   25196.05526304  .00027403  00000+0  62651-3 0  9990
2 64429  70.0007 317.5497 0002241 276.6949  83.3978 15.42733458  5598
STARLINK-34441          
1 64430U 25129U   25195.72691786  .00019125  00000+0  43882-3 0  9999
2 64430  70.0009 318.4097 0003945 269.6730  90.4000 15.42723557  5549
STARLINK-34524          
1 64431U 25129V   25195.91668981 -.00018969  00000+0 -43056-3 0  9992
2 64431  70.0005 317.8708 0003266 268.9158  87.8029 15.42729948  5541
STARLINK-34506          
1 64432U 25129W   25195.91668981 -.00002840  00000+0 -61524-4 0  9995
2 64432  70.0004 317.8458 0003587 279.9801  98.7776 15.42691900  5430
STARLINK-34451          
1 64433U 25129X   25196.25002315  .00123407  00000+0  27729-2 0  9995
2 64433  70.0001 316.8424 0003720 266.8840 252.6212 15.42751414  5474
STARLINK-34472          
1 64434U 25129Y   25195.91668981 -.00018776  00000+0 -42611-3 0  9997
2 64434  70.0004 317.8207 0003280 270.2996 130.4201 15.42730712  5659
STARLINK-34478          
1 64435U 25129Z   25196.25002315  .00092964  00000+0  21038-2 0  9997
2 64435  70.0003 316.8951 0003126 268.1574 206.3025 15.42669581  5518
STARLINK-34396          
1 64436U 25129AA  25196.07885090  .00031939  00000+0  72938-3 0  9998
2 64436  70.0003 317.2180 0003360 266.2750  93.8048 15.42724707  5553
STARLINK-34507          
1 64437U 25129AB  25196.16668981  .00094601  00000+0  21403-2 0  9992
2 64437  70.0002 317.0943 0003342 267.5496 126.2307 15.42669606  5611
STARLINK-34465          
1 64438U 25130A   25195.94583312  .00044292  00000+0  11105-2 0  9993
2 64438  53.1595 119.9237 0000842  81.5794 278.5306 15.39630041  4204
STARLINK-34456          
1 64439U 25130B   25196.25002315  .00076926  00000+0  19168-2 0  9994
2 64439  53.1599 118.4399 0001064  87.0837 185.7701 15.39571902  5487
STARLINK-34410          
1 64440U 25130C   25196.25002315 -.02182414  00000+0 -56987-1 0  9999
2 64440  53.1602 118.3919 0001255  96.2152 201.0103 15.41524387  5481
STARLINK-34453          
1 64441U 25130D   25196.25002315 -.01538930  00000+0 -37339-1 0  9997
2 64441  53.1606 118.3531 0001147  84.5326 231.5785 15.43616665  5420
STARLINK-34404          
1 64442U 25130E   25196.25002315 -.01532511  00000+0 -34203-1 0  9994
2 64442  53.1610 118.3284 0001091  96.1222 232.8617 15.46034613  5498
STARLINK-34403          
1 64443U 25130F   25195.91668981  .00009229  00000+0  17385-3 0  9990
2 64443  53.1609 119.8899 0001109  95.7738 187.9062 15.49301243  5495
STARLINK-34399          
1 64444U 25130G   25195.91668981  .00009006  00000+0  16984-3 0  9998
2 64444  53.1609 119.8856 0000976  98.2341 187.3632 15.49301289  5507
STARLINK-34398          
1 64445U 25130H   25196.18984422 -.00182366  00000+0 -33761-2 0  9994
2 64445  53.1613 118.6009 0002752  88.1174 272.0150 15.49064528  5426
STARLINK-34402          
1 64446U 25130J   25195.91668981  .00022058  00000+0  40377-3 0  9995
2 64446  53.1608 119.9017 0001270  92.5339 185.4014 15.49292689  5483
STARLINK-34450          
1 64447U 25130K   25195.91668981  .00010268  00000+0  19248-3 0  9999
2 64447  53.1608 119.8977 0001071  99.2000 180.6454 15.49302882  5488
STARLINK-34433          
1 64448U 25130L   25195.91668981  .00009574  00000+0  18002-3 0  9995
2 64448  53.1609 119.8933 0001092  94.6767 187.0848 15.49302856  5506
STARLINK-34459          
1 64449U 25130M   25195.91668981  .00008980  00000+0  16948-3 0  9993
2 64449  53.1609 119.8816 0000972 101.3039 186.2735 15.49282563  5509
STARLINK-34361          
1 64450U 25130N   25195.91668981  .00009184  00000+0  17302-3 0  9997
2 64450  53.1609 119.8776 0000970  97.5779 191.8502 15.49303996  5442
STARLINK-34392          
1 64451U 25130P   25195.91668981  .00007967  00000+0  15118-3 0  9998
2 64451  53.1610 119.8734 0000992  94.0854 197.2601 15.49303729  5500
STARLINK-34367          
1 64452U 25130Q   25196.25002315 -.01582633  00000+0 -34616-1 0  9993
2 64452  53.1613 118.2806 0000946  75.2566 276.7734 15.46716521  5478
STARLINK-34221          
1 64453U 25130R   25196.25002315 -.01854235  00000+0 -47918-1 0  9993
2 64453  53.1612 118.3363 0001222  43.5557 280.4309 15.41831536  5483
STARLINK-34282          
1 64454U 25130S   25195.91668981  .00007515  00000+0  14308-3 0  9990
2 64454  53.1611 119.8615 0001066  82.3003 214.7951 15.49302925  5332
STARLINK-34295          
1 64455U 25130T   25196.18607501 -.01485410  00000+0 -32446-1 0  9990
2 64455  53.1612 118.5734 0002677 137.3773 222.7443 15.46547074  5468
STARLINK-34430          
1 64456U 25130U   25196.05630931  .00076001  00000+0  13579-2 0  9996
2 64456  53.1608 119.1861 0001184  35.7708 324.3381 15.49379935  5432
STARLINK-34445          
1 64457U 25130V   25195.91668981  .00008045  00000+0  15261-3 0  9991
2 64457  53.1610 119.8490 0001072  89.0531 213.8007 15.49299201  5493
STARLINK-34439          
1 64458U 25130W   25196.05561915  .00071911  00000+0  12856-2 0  9995
2 64458  53.1612 119.1815 0001471  30.2304 329.8790 15.49387108  5434
STARLINK-34421          
1 64459U 25130X   25196.05527965  .00070255  00000+0  12570-2 0  9996
2 64459  53.1613 119.1793 0001235  33.0237 327.0849 15.49374858  5438
STARLINK-34423          
1 64460U 25130Y   25195.91668981  .00007131  00000+0  13620-3 0  9997
2 64460  53.1610 119.8371 0001289  82.6340 225.9728 15.49298668  5504
STARLINK-34418          
1 64461U 25130Z   25196.05459283  .00049511  00000+0  89118-3 0  9990
2 64461  53.1614 119.1746 0001023  59.5041 300.6069 15.49355444  5432
STARLINK-34336          
1 64462U 25130AA  25196.24000272  .00110994  00000+0  75086-3 0  9995
2 64462  53.1588 116.7326 0001020  75.0111 285.1021 15.74230600  5505
STARLINK-34400          
1 64463U 25130AB  25196.05356288  .00060256  00000+0  10810-2 0  9994
2 64463  53.1615 119.1679 0001232  51.3757 308.7362 15.49364573  5445
STARLINK-34429          
1 64464U 25130AC  25195.91668981  .00005738  00000+0  11118-3 0  9992
2 64464  53.1610 119.8252 0001327  92.0271 222.3209 15.49303470  5487
STARLINK-34449          
1 64465U 25130AD  25195.91668981  .00005311  00000+0  10350-3 0  9997
2 64465  53.1610 119.8171 0001214  93.8354 224.3465 15.49303798  5494
COSMOS 2589             
1 64467U 25131A   25194.72052346 -.00000273  00000+0  00000+0 0  9990
2 64467   1.0037 280.8476 3655681 173.7834 198.2889  1.00268970   235
BREEZE-M R/B            
1 64468U 25131B   25173.80781051 -.00000145  00000+0  00000+0 0  9997
2 64468   1.4224 285.7735 3876101 171.5822 241.3112  1.04440359    39
BREEZE-M DEB [TANK]     
1 64469U 25131C   25195.90381699  .00004853  00000+0  12378-2 0  9990
2 64469  61.0966 270.0336 6899481 178.8254 184.7889  2.77050660   637
CZ-3B R/B               
1 64470U 25132A   25196.14862850 -.00000240  00000+0  00000+0 0  9996
2 64470   0.0589 250.8516 0001609  33.8620 154.2285  1.00272857   784
CHINASAT 9C             
1 64471U 25132B   25195.35925735  .00016772  00000+0  16906-2 0  9992
2 64471  27.7511  86.2984 7326428 194.1199 120.9815  2.24693762   535
STARLINK-34493          
1 64472U 25133A   25196.25002315  .00078381  00000+0  14059-2 0  9995
2 64472  53.1605 148.6958 0000656  85.5721  91.0078 15.49255051  4704
STARLINK-34492          
1 64473U 25133B   25196.25002315  .00077091  00000+0  13831-2 0  9990
2 64473  53.1605 148.6917 0000874  76.6267 101.8700 15.49255452  4705
STARLINK-34474          
1 64474U 25133C   25196.25002315  .00075521  00000+0  13553-2 0  9998
2 64474  53.1605 148.6878 0000938  78.9174 101.4947 15.49257181  4682
STARLINK-34523          
1 64475U 25133D   25196.25002315  .00095445  00000+0  17051-2 0  9993
2 64475  53.1607 148.6830 0001328  99.1969  83.0629 15.49278404  4687
STARLINK-34496          
1 64476U 25133E   25196.25002315  .00091094  00000+0  16288-2 0  9991
2 64476  53.1607 148.6785 0001291  98.4688  85.7186 15.49275602  4703
STARLINK-34375          
1 64477U 25133F   25196.25002315  .00095320  00000+0  17032-2 0  9996
2 64477  53.1606 148.6753 0001325  92.2302  93.8828 15.49273372  4706
STARLINK-34490          
1 64478U 25133G   25196.25002315  .00097159  00000+0  17352-2 0  9994
2 64478  53.1606 148.6672 0001280  95.6181  94.3078 15.49278299  4705
STARLINK-34528          
1 64479U 25133H   25196.25002315  .00092011  00000+0  16449-2 0  9993
2 64479  53.1606 148.6713 0001213  97.4476  90.5741 15.49275866  4684
STARLINK-34518          
1 64480U 25133J   25196.25002315  .00077630  00000+0  13913-2 0  9998
2 64480  53.1607 148.6627 0001270  92.4215  99.3985 15.49282599  4543
STARLINK-34526          
1 64481U 25133K   25196.25002315  .00075995  00000+0  13624-2 0  9990
2 64481  53.1606 148.6588 0001307  87.7678 105.9717 15.49283637  4596
STARLINK-34527          
1 64482U 25133L   25196.25002315  .00086366  00000+0  15454-2 0  9998
2 64482  53.1606 148.6547 0001328  98.1132  97.5562 15.49279317  4703
STARLINK-34420          
1 64483U 25133M   25196.25002315  .00075115  00000+0  13469-2 0  9993
2 64483  53.1606 148.6508 0001482  93.6452 103.9185 15.49282860  4707
STARLINK-34509          
1 64484U 25133N   25196.25002315  .00078995  00000+0  14168-2 0  9990
2 64484  53.1607 148.6468 0000911  77.2433 122.3392 15.49253799  4701
STARLINK-34409          
1 64485U 25133P   25196.25002315  .00078357  00000+0  14056-2 0  9999
2 64485  53.1607 148.6429 0000997  75.7057 125.7959 15.49252828  4706
STARLINK-34520          
1 64486U 25133Q   25196.25002315  .00076055  00000+0  13647-2 0  9998
2 64486  53.1607 148.6387 0000768  77.5582 125.8555 15.49257897  4703
STARLINK-34477          
1 64487U 25133R   25196.25002315  .00077412  00000+0  13887-2 0  9993
2 64487  53.1607 148.6346 0000928  77.2115 128.1205 15.49257002  4702
STARLINK-34217          
1 64488U 25133S   25196.25002315  .00079441  00000+0  14246-2 0  9998
2 64488  53.1607 148.6303 0000988  82.6741 124.5758 15.49255379  4592
STARLINK-34307          
1 64489U 25133T   25196.25002315  .00079044  00000+0  14176-2 0  9990
2 64489  53.1607 148.6262 0000969  82.7290 126.4371 15.49255310  4683
STARLINK-34505          
1 64490U 25133U   25196.25002315  .00075078  00000+0  13474-2 0  9995
2 64490  53.1607 148.6220 0001381  77.2724 133.8086 15.49258428  4687
STARLINK-34530          
1 64491U 25133V   25196.25002315  .00077619  00000+0  13923-2 0  9998
2 64491  53.1607 148.6182 0001332  74.5234 138.4723 15.49258125  4680
STARLINK-34522          
1 64492U 25133W   25196.25002315  .00077197  00000+0  13849-2 0  9997
2 64492  53.1607 148.6143 0001349  75.3725 139.5424 15.49256849  4704
STARLINK-34462          
1 64493U 25133X   25196.25002315  .00075871  00000+0  13615-2 0  9996
2 64493  53.1607 148.6102 0001316  77.0387 139.7951 15.49256461  4704
STARLINK-34226          
1 64494U 25133Y   25196.25002315  .00075874  00000+0  13615-2 0  9990
2 64494  53.1607 148.6065 0001424  74.3101 144.4385 15.49257514  4543
STARLINK-34364          
1 64495U 25133Z   25196.25002315  .00075348  00000+0  13522-2 0  9994
2 64495  53.1608 148.5982 0001326  78.5733 144.0095 15.49257884  4702
STARLINK-34268          
1 64496U 25133AA  25196.25002315  .00093869  00000+0  16788-2 0  9990
2 64496  53.1608 148.6024 0001379  76.7957 143.8648 15.49254847  4704
STARLINK-34363          
1 64497U 25133AB  25196.25002315  .00074903  00000+0  13444-2 0  9995
2 64497  53.1607 148.5943 0001490  83.8309 140.6706 15.49256580  4703
STARLINK-34427          
1 64498U 25133AC  25196.25002315  .00074738  00000+0  13414-2 0  9999
2 64498  53.1607 148.5905 0001417  72.7353 153.6811 15.49258113  4702
KUIPER-00039            
1 64500U 25134A   25195.42107873  .00014611  00000+0  43774-3 0  9994
2 64500  51.8678 229.9926 0007565 189.3602 170.7244 15.34713613  4466
KUIPER-00040            
1 64501U 25134B   25196.08483731  .00009140  00000+0  28580-3 0  9997
2 64501  51.8651 226.9332 0010922 203.7823 156.2659 15.33830534  4104
KUIPER-00041            
1 64502U 25134C   25196.20979528 -.00144104  00000+0 -44991-2 0  9991
2 64502  51.8682 226.2752 0009281 189.8299 170.2506 15.33151351  4127
KUIPER-00042            
1 64503U 25134D   25196.07656250  .00008889  00000+0  27314-3 0  9999
2 64503  51.8650 226.8798 0008766 192.1320 167.9455 15.34444321  4105
KUIPER-00043            
1 64504U 25134E   25195.48719182  .00014203  00000+0  42695-3 0  9994
2 64504  51.8690 229.6868 0008001 185.1001 174.9904 15.34629123  4392
KUIPER-00044            
1 64505U 25134F   25196.08229556 -.00156208  00000+0 -47982-2 0  9990
2 64505  51.8640 226.9155 0011021 194.3008 165.7666 15.33700793  4106
KUIPER-00046            
1 64506U 25134G   25196.07744792  .00008773  00000+0  26991-3 0  9993
2 64506  51.8664 226.8874 0009630 190.7170 169.3611 15.34415821  4109
KUIPER-00047            
1 64507U 25134H   25195.43030884  .00008518  00000+0  26529-3 0  9997
2 64507  51.8622 230.0442 0010342 199.8534 160.2050 15.34059037  4467
KUIPER-00048            
1 64508U 25134J   25195.46920742  .00016766  00000+0  48043-3 0  9991
2 64508  51.8757 229.5767 0002836 168.3847 191.7205 15.36021187  4476
KUIPER-00049            
1 64509U 25134K   25195.80725292  .00014447  00000+0  42767-3 0  9994
2 64509  51.8707 228.0864 0006808 183.4207 176.6733 15.35106888  4508
KUIPER-00050            
1 64510U 25134L   25195.61384938  .00014843  00000+0  44114-3 0  9991
2 64510  51.8721 229.0401 0007411 185.0378 175.0534 15.34953500  4032
KUIPER-00051            
1 64511U 25134M   25195.47707778  .00012931  00000+0  38050-3 0  9995
2 64511  51.8729 229.6265 0005124 176.5099 183.5924 15.35406615  4475
KUIPER-00052            
1 64512U 25134N   25196.24730528  .00023322  00000+0  61874-3 0  9997
2 64512  51.8743 225.7929 0003715 193.9867 166.1018 15.38190543  4133
KUIPER-00053            
1 64513U 25134P   25196.11579346  .00016745  00000+0  47712-3 0  9999
2 64513  51.8763 226.4091 0002353 159.6378 200.4703 15.36201620  4115
KUIPER-00054            
1 64514U 25134Q   25196.11884326  .00006816  00000+0  20185-3 0  9990
2 64514  51.8748 226.4302 0002929 161.6060 198.5032 15.36045822  4510
KUIPER-00055            
1 64515U 25134R   25196.23968700  .00091383  00000+0  25033-2 0  9992
2 64515  51.8757 225.7412 0002726 138.2898 221.8297 15.36540107  4440
KUIPER-00056            
1 64516U 25134S   25195.47093396  .00014766  00000+0  42625-3 0  9995
2 64516  51.8732 229.5885 0003321 171.9062 188.1978 15.35893250  4472
KUIPER-00057            
1 64517U 25134T   25195.80726669  .00016739  00000+0  49593-3 0  9992
2 64517  51.8694 228.0848 0006491 179.5398 180.5595 15.34960815  4179
KUIPER-00058            
1 64518U 25134U   25195.47583979  .00015423  00000+0  45036-3 0  9998
2 64518  51.8717 229.6189 0004551 182.1885 177.9082 15.35492426  4470
KUIPER-00059            
1 64519U 25134V   25196.24114878  .00021802  00000+0  60888-3 0  9993
2 64519  51.8763 225.7480 0001407 117.3156 242.7974 15.36643655  4127
KUIPER-00060            
1 64520U 25134W   25196.24432861  .00016234  00000+0  46037-3 0  9993
2 64520  51.8755 225.7711 0002084 133.2936 226.8224 15.36374661  4132
KUIPER-00061            
1 64521U 25134X   25196.06377203  .00019348  00000+0  56594-3 0  9990
2 64521  51.8729 226.8091 0004903 178.0255 182.0751 15.35265144  4109
KUIPER-00062            
1 64522U 25134Y   25195.47342229  .00016112  00000+0  46873-3 0  9990
2 64522  51.8742 229.6046 0004626 171.1407 188.9661 15.35573961  4015
KUIPER-00063            
1 64523U 25134Z   25195.33643327  .00015683  00000+0  44766-3 0  9990
2 64523  51.8741 230.1881 0002491 151.0738 209.0387 15.36197708  4451
KUIPER-00064            
1 64524U 25134AA  25196.23955252 -.00055548  00000+0 -15209-2 0  9999
2 64524  51.8765 225.7402 0001116  68.0330 292.0775 15.36810941  4437
KUIPER-00065            
1 64525U 25134AB  25195.48853672  .00016533  00000+0  49649-3 0  9994
2 64525  51.8703 229.6979 0008284 186.3841 173.7040 15.34530646  4468
KUIPER-00066            
1 64526U 25134AC  25195.52761020  .00009282  00000+0  26736-3 0  9990
2 64526  51.8750 229.2200 0001520 112.8278 247.2869 15.36455187  4484
2025-131D               
1 64527U 25131D   25195.78553993 -.00000267  00000+0  00000+0 0  9991
2 64527   0.9981 280.6823 3658851 174.1179 223.4894  1.00076021   232
AXIOM-4 (AX-4)          
1 64593U 25136A   25195.85349944  .00004183  00000+0  10000-3 0  9991
2 64593  51.6363 169.9496 0003692   8.7454 351.3140 15.43789036  3045
STARLINK-34280          
1 64594U 25137A   25196.25002315  .00021424  00000+0  15045-3 0  9997
2 64594  53.1591  11.7980 0000661  61.3438 151.8436 15.74150218  4183
STARLINK-34517          
1 64595U 25137B   25196.25002315 -.00040692  00000+0 -27475-3 0  9998
2 64595  53.1589  11.7936 0000977  90.3283 124.7753 15.74200418  4181
STARLINK-34510          
1 64596U 25137C   25196.25002315  .00048067  00000+0  33165-3 0  9994
2 64596  53.1591  11.7900 0001230  96.3423 120.7441 15.74116660  4186
STARLINK-34486          
1 64597U 25137D   25195.89399118  .00187563  00000+0  12546-2 0  9998
2 64597  53.1587  13.5529 0000768  46.7448 313.3636 15.74226782  4138
STARLINK-34463          
1 64598U 25137E   25195.89365405  .00208049  00000+0  13875-2 0  9990
2 64598  53.1583  13.5505 0000869  35.6941 324.4137 15.74231214  4131
STARLINK-34294          
1 64599U 25137F   25196.25002315 -.00015390  00000+0 -10103-3 0  9999
2 64599  53.1589  11.7775 0000691  89.1729 133.6087 15.74177979  4184
STARLINK-34504          
1 64600U 25137G   25196.25002315 -.00039700  00000+0 -26802-3 0  9996
2 64600  53.1588  11.7728 0000787  82.3939 142.3007 15.74192237  4181
STARLINK-34508          
1 64601U 25137H   25196.25002315 -.00021749  00000+0 -14461-3 0  9999
2 64601  53.1590  11.7695 0000812  98.9420 127.6651 15.74186270  4186
STARLINK-34435          
1 64602U 25137J   25196.25002315 -.00072594  00000+0 -49516-3 0  9993
2 64602  53.1592  11.7655 0000553  84.7314 143.7874 15.74212449  4186
STARLINK-34475          
1 64603U 25137K   25195.89196300  .00166052  00000+0  11139-2 0  9991
2 64603  53.1588  13.5385 0000917  94.4638 265.6487 15.74230067  4138
STARLINK-34488          
1 64604U 25137L   25196.25002315 -.00014790  00000+0 -96904-4 0  9993
2 64604  53.1590  11.7570 0000946 105.3863 126.9737 15.74180631  4185
STARLINK-34516          
1 64605U 25137M   25196.25002315 -.00129261  00000+0 -88971-3 0  9998
2 64605  53.1591  11.7530 0000895 122.0373 112.2296 15.74245216  4288
STARLINK-34073          
1 64606U 25137N   25196.25002315 -.00012038  00000+0 -78007-4 0  9992
2 64606  53.1591  11.7490 0001014  89.6730 146.5049 15.74192131  4073
STARLINK-34532          
1 64607U 25137P   25196.25002315 -.00074245  00000+0 -50650-3 0  9994
2 64607  53.1592  11.7450 0001083  87.8475 150.2585 15.74216581  4188
STARLINK-34519          
1 64608U 25137Q   25196.25002315 -.00019220  00000+0 -12728-3 0  9991
2 64608  53.1592  11.7410 0001041  99.7526 140.2795 15.74180446  4180
STARLINK-34513          
1 64609U 25137R   25196.25002315 -.00037075  00000+0 -24988-3 0  9991
2 64609  53.1592  11.7370 0001177  81.0165 160.9249 15.74195683  4282
STARLINK-34569          
1 64610U 25137S   25195.88959860  .00208603  00000+0  13905-2 0  9998
2 64610  53.1593  13.5217 0001404 105.3975 254.7200 15.74241175  4138
STARLINK-34494          
1 64611U 25137T   25196.25002315 -.00099608  00000+0 -68182-3 0  9998
2 64611  53.1591  11.7287 0000976  87.6975 158.0065 15.74258364  4187
STARLINK-34521          
1 64612U 25137U   25196.25002315 -.00001112  00000+0 -33054-5 0  9994
2 64612  53.1593  11.7244 0000926  91.0465 156.6513 15.74171905  4188
STARLINK-34500          
1 64613U 25137V   25196.25002315  .00030070  00000+0  20902-3 0  9994
2 64613  53.1595  11.7207 0000475  71.2249 178.3678 15.74172941  4284
STARLINK-34440          
1 64614U 25137W   25196.25002315 -.00097974  00000+0 -67125-3 0  9991
2 64614  53.1594  11.7173 0000858  96.8840 154.6296 15.74230665  4181
STARLINK-34469          
1 64615U 25137X   25196.25002315 -.00046437  00000+0 -31435-3 0  9995
2 64615  53.1593  11.7126 0001050  99.8560 153.5804 15.74201446  4184
STARLINK-34413          
1 64616U 25137Y   25195.88756859  .00142581  00000+0  95996-3 0  9990
2 64616  53.1594  13.5079 0001255  66.1826 293.9326 15.74224576  4235
STARLINK-34417          
1 64617U 25137Z   25196.19207331  .00246345  00000+0  12781-2 0  9995
2 64617  53.1557  11.8454 0001028  13.9366 346.1685 15.79789832  4280
STARLINK-34415          
1 64618U 25137AA  25196.25002315 -.00029452  00000+0 -19742-3 0  9993
2 64618  53.1594  11.7011 0001306 115.6019 143.5769 15.74197116  4188
STARLINK-34416          
1 64619U 25137AB  25196.20399468  .00271773  00000+0  17937-2 0  9993
2 64619  53.1598  11.9258 0001350  65.3081 294.8080 15.74279581  4180
STARLINK-34414          
1 64620U 25137AC  25196.20365675  .00113871  00000+0  77043-3 0  9997
2 64620  53.1596  11.9234 0001231  72.9794 287.1361 15.74215933  4185
HAWK-12C                
1 64621U 25138A   25195.72736989  .00002019  00000+0  11220-3 0  9991
2 64621  97.4341 199.9393 0013491 232.0072 127.9943 15.14754981  2727
HAWK-12B                
1 64622U 25138B   25195.92439110  .00002070  00000+0  11528-3 0  9998
2 64622  97.4377 200.1474 0012860 225.8145 134.2031 15.14666161  2756
HAWK-12A                
1 64623U 25138C   25195.72543885  .00001925  00000+0  10766-3 0  9993
2 64623  97.4359 199.9476 0013899 225.9081 134.1008 15.14575997  2723
KESTREL-0A              
1 64624U 25138D   25196.24652532  .00001598  00000+0  88149-4 0  9999
2 64624  97.4363 200.4745 0015127 216.0629 143.9585 15.15309587  2797
STARLINK-34464          
1 64664U 25139A   25196.25002315 -.02025068  00000+0 -29678-1 0  9994
2 64664  53.1603 154.2016 0001412  86.5884 173.6401 15.58546142  3862
STARLINK-34555          
1 64665U 25139B   25196.20335424 -.00887830  00000+0 -12181-1 0  9992
2 64665  53.1599 154.4216 0001680  59.4953 300.6226 15.59233932  3750
STARLINK-34390          
1 64666U 25139C   25196.20301240 -.00889499  00000+0 -12206-1 0  9993
2 64666  53.1597 154.4193 0001571  72.4906 287.6279 15.59235003  3916
STARLINK-34382          
1 64667U 25139D   25196.20266599 -.00767165  00000+0 -10516-1 0  9998
2 64667  53.1601 154.4172 0000763  88.2776 271.8324 15.59305951  3851
STARLINK-34395          
1 64668U 25139E   25196.20232551 -.00888595  00000+0 -12186-1 0  9996
2 64668  53.1599 154.4146 0000990 119.9953 240.1159 15.59253258  3857
STARLINK-34394          
1 64669U 25139F   25196.20198587 -.00898242  00000+0 -12333-1 0  9991
2 64669  53.1596 154.4132 0001384  80.2614 279.8556 15.59246193  3852
STARLINK-34287          
1 64670U 25139G   25196.20163746 -.00901854  00000+0 -12374-1 0  9991
2 64670  53.1597 154.4100 0002159 165.8655 194.2419 15.59267887  3857
STARLINK-34365          
1 64671U 25139H   25196.20130263 -.00890403  00000+0 -12213-1 0  9999
2 64671  53.1596 154.4075 0001230  96.1876 263.9277 15.59251823  3914
STARLINK-34442          
1 64672U 25139J   25196.20096214 -.00890832  00000+0 -12219-1 0  9999
2 64672  53.1596 154.4051 0001164  78.3412 281.7732 15.59253268  3855
STARLINK-34288          
1 64673U 25139K   25196.20061583 -.00810605  00000+0 -11005-1 0  9993
2 64673  53.1602 154.4029 0000368   0.2046 359.8968 15.59302170  3856
STARLINK-34539          
1 64674U 25139L   25196.25002315 -.02023440  00000+0 -29654-1 0  9991
2 64674  53.1598 154.1606 0001250  92.3513 187.0475 15.58544965  3764
STARLINK-34590          
1 64675U 25139M   25196.25002315 -.02023955  00000+0 -29664-1 0  9994
2 64675  53.1598 154.1570 0001093  87.7468 193.5671 15.58545465  3864
STARLINK-34573          
1 64676U 25139N   25196.19959670 -.00908516  00000+0 -12491-1 0  9996
2 64676  53.1601 154.3958 0001075  88.4069 271.7068 15.59242098  3852
STARLINK-34605          
1 64677U 25139P   25196.19925587 -.00919326  00000+0 -12652-1 0  9997
2 64677  53.1598 154.3938 0001617  95.5698 264.5500 15.59242600  3855
STARLINK-34525          
1 64678U 25139Q   25196.19891505 -.00922757  00000+0 -12706-1 0  9992
2 64678  53.1599 154.3911 0001418  91.2499 268.8677 15.59239994  3853
STARLINK-34489          
1 64679U 25139R   25196.19857632 -.00865302  00000+0 -11834-1 0  9999
2 64679  53.1600 154.3891 0002146  23.7871 336.3241 15.59250447  3851
STARLINK-34502          
1 64680U 25139S   25196.25002315 -.02022487  00000+0 -29639-1 0  9991
2 64680  53.1596 154.1366 0001219  88.7391 202.1604 15.58544426  3866
STARLINK-34553          
1 64681U 25139T   25196.25002315 -.02017949  00000+0 -29567-1 0  9999
2 64681  53.1594 154.1326 0001085  88.2353 204.5801 15.58542216  3865
STARLINK-34551          
1 64682U 25139U   25196.25002315  .00002197  00000+0  22066-4 0  9995
2 64682  53.1597 154.0136 0001312  77.8308 273.8639 15.70775846  3863
STARLINK-34550          
1 64683U 25139V   25196.25002315 -.02022683  00000+0 -29642-1 0  9996
2 64683  53.1596 154.1248 0001243  92.9447 203.7058 15.58544428  3866
STARLINK-34485          
1 64684U 25139W   25196.25002315 -.02022765  00000+0 -29644-1 0  9990
2 64684  53.1599 154.1208 0001169  91.5267 207.0403 15.58544685  3864
STARLINK-34253          
1 64685U 25139X   25196.25002315 -.02023400  00000+0 -29655-1 0  9990
2 64685  53.1600 154.1167 0001030  89.7525 210.7290 15.58545853  3868
STARLINK-34565          
1 64686U 25139Y   25196.25002315 -.02024314  00000+0 -29670-1 0  9993
2 64686  53.1599 154.1125 0001070  88.6727 213.7268 15.58545734  3862
STARLINK-34554          
1 64687U 25139Z   25196.25002315 -.02019887  00000+0 -29596-1 0  9990
2 64687  53.1598 154.1092 0001238  88.0699 216.2461 15.58543685  3869
STARLINK-34262          
1 64688U 25139AA  25196.25002315 -.02022143  00000+0 -29633-1 0  9992
2 64688  53.1598 154.0968 0001200  84.0235 226.0426 15.58544845  3928
STARLINK-34538          
1 64689U 25139AB  25196.25002315 -.02023671  00000+0 -29661-1 0  9991
2 64689  53.1598 154.1004 0000971  83.7506 224.4011 15.58545192  3863
STARLINK-34250          
1 64690U 25139AC  25196.25002315 -.02019973  00000+0 -29599-1 0  9993
2 64690  53.1596 154.1052 0001184  96.2358 209.9995 15.58542890  3868
2025-140A               
1 64691U 25140A   25195.91637169  .00000519  00000+0  88002-4 0  9998
2 64691  95.9832  39.9854 0011529 248.8527 111.1454 14.71656926  2440
ELECTRON KICK STAGE R/B 
1 64692U 25140B   25195.91199822  .00000828  00000+0  13625-3 0  9999
2 64692  95.9835  39.9904 0012660 241.9884 118.0048 14.72051245  2446
GOSAT-GW (IBUKI GW)     
1 64694U 25141A   25195.76031333  .00000600  00000+0  11670-3 0  9993
2 64694  98.0257 134.1907 0005961  99.6161 260.5717 14.66574220  2355
H-2A R/B                
1 64695U 25141B   25196.20324675  .00001211  00000+0  12596-3 0  9995
2 64695  98.0467 135.1406 0093983 210.9283 148.6378 14.88708005  2441
STARLINK-34497          
1 64696U 25142A   25196.25002315 -.01552794  00000+0 -17665-1 0  9996
2 64696  70.0000 203.8960 0003756 277.1296 167.8870 15.65025285  3800
STARLINK-34584          
1 64697U 25142B   25196.25002315 -.01543693  00000+0 -17552-1 0  9990
2 64697  70.0006 203.8931 0003785 276.7069 170.2279 15.65020690  3648
STARLINK-34535          
1 64698U 25142C   25196.25002315 -.01567443  00000+0 -17847-1 0  9997
2 64698  70.0002 203.8911 0003664 277.6413 171.2055 15.65033547  3594
STARLINK-34600          
1 64699U 25142D   25196.25002315 -.01553372  00000+0 -17672-1 0  9990
2 64699  70.0009 203.8889 0003712 277.3819 173.3835 15.65026399  3649
STARLINK-34560          
1 64700U 25142E   25196.25002315 -.01561139  00000+0 -17768-1 0  9999
2 64700  70.0006 203.8865 0003734 276.9942 175.6867 15.65030504  3596
STARLINK-34576          
1 64701U 25142F   25196.25002315 -.01556187  00000+0 -17707-1 0  9990
2 64701  70.0007 203.8836 0003696 277.6700 176.9279 15.65027893  3591
STARLINK-34322          
1 64702U 25142G   25196.25002315 -.01556870  00000+0 -17715-1 0  9999
2 64702  70.0006 203.8819 0003739 276.9547 179.5601 15.65028333  3803
STARLINK-34470          
1 64703U 25142H   25196.25002315 -.01548390  00000+0 -17609-1 0  9990
2 64703  70.0008 203.8793 0003797 278.0368 180.3945 15.65024564  3594
STARLINK-34405          
1 64704U 25142J   25196.25002315 -.01536882  00000+0 -17467-1 0  9996
2 64704  70.0007 203.8772 0003830 278.1587 182.1915 15.65017682  3649
STARLINK-34406          
1 64705U 25142K   25196.25002315 -.01556531  00000+0 -17711-1 0  9992
2 64705  70.0011 203.8748 0003681 278.2389 184.0241 15.65028639  3752
STARLINK-34559          
1 64706U 25142L   25196.25002315 -.01534489  00000+0 -17438-1 0  9997
2 64706  70.0009 203.8723 0003772 277.9505 186.2335 15.65016385  3641
STARLINK-34316          
1 64707U 25142M   25196.25002315 -.01554026  00000+0 -17681-1 0  9997
2 64707  70.0007 203.8702 0003694 277.1262 188.9723 15.65025708  3809
STARLINK-34563          
1 64708U 25142N   25196.25002315 -.01559206  00000+0 -17745-1 0  9994
2 64708  70.0005 203.8680 0003657 277.8604 190.1530 15.65029142  3480
STARLINK-34499          
1 64709U 25142P   25196.25002315 -.01560223  00000+0 -17757-1 0  9999
2 64709  70.0006 203.8659 0003673 278.4457 191.4828 15.65030321  3484
STARLINK-34447          
1 64710U 25142Q   25196.25002315 -.01553853  00000+0 -17679-1 0  9995
2 64710  70.0007 203.8634 0003646 277.7319 194.1152 15.65026036  3803
STARLINK-34312          
1 64711U 25142R   25196.25002315 -.01555385  00000+0 -17697-1 0  9998
2 64711  70.0008 203.8605 0003691 278.3786 195.3841 15.65027626  3802
STARLINK-34515          
1 64712U 25142S   25196.25002315 -.01553701  00000+0 -17675-1 0  9995
2 64712  70.0006 203.8580 0003771 278.6266 197.0520 15.65027315  3480
STARLINK-34583          
1 64713U 25142T   25196.25002315 -.01547837  00000+0 -17603-1 0  9990
2 64713  70.0006 203.8556 0003710 277.6667 199.9302 15.65024202  3482
STARLINK-34574          
1 64714U 25142U   25196.25002315 -.01552291  00000+0 -17659-1 0  9992
2 64714  70.0008 203.8537 0003661 278.4867 201.0262 15.65025961  3641
STARLINK-34533          
1 64715U 25142V   25196.25002315 -.01589492  00000+0 -18123-1 0  9993
2 64715  70.0075 203.8524 0003542 274.1683 207.2554 15.65043993  3589
STARLINK-34548          
1 64716U 25142W   25196.25002315 -.01585219  00000+0 -18072-1 0  9990
2 64716  70.0075 203.8499 0003509 273.3985 209.9443 15.65039210  3594
STARLINK-34568          
1 64717U 25142X   25196.25002315 -.01564702  00000+0 -17814-1 0  9998
2 64717  70.0009 203.8472 0003526 276.9947 208.2661 15.65032521  3647
STARLINK-34546          
1 64718U 25142Y   25196.25002315 -.01547932  00000+0 -17606-1 0  9994
2 64718  70.0006 203.8449 0003614 277.8566 209.3238 15.65022916  3801
STARLINK-34577          
1 64719U 25142Z   25196.25002315 -.01551338  00000+0 -17648-1 0  9996
2 64719  70.0009 203.8402 0003638 277.6497 213.3631 15.65024629  3659
STARLINK-34572          
1 64720U 25142AA  25196.25002315 -.01561638  00000+0 -17775-1 0  9993
2 64720  70.0006 203.8428 0003574 279.0127 210.0795 15.65031694  3803
STARLINK-34558          
1 64721U 25142AB  25196.25002315 -.01589167  00000+0 -18121-1 0  9997
2 64721  70.0075 203.8388 0003494 270.8824 222.0402 15.65041642  3609
MTG-S1                  
1 64723U 25143A   25195.20186659 -.00000111  00000+0  00000+0 0  9998
2 64723   1.0104 303.1983 0006265 233.9880 185.6968  0.99694875   111
STARLINK-34393          
1 64724U 25144A   25196.25002315 -.01188332  00000+0 -82719-2 0  9996
2 64724  53.1546 208.7722 0000938  81.4067 182.0305 15.76455856  3298
STARLINK-34562          
1 64725U 25144B   25196.25002315 -.01191224  00000+0 -82903-2 0  9996
2 64725  53.1543 208.7681 0000921  83.7392 181.5870 15.76467592  3266
STARLINK-34557          
1 64726U 25144C   25196.25002315 -.01199914  00000+0 -83859-2 0  9992
2 64726  53.1546 208.7636 0000952  83.3685 184.1335 15.76393968  3287
STARLINK-34242          
1 64727U 25144D   25196.25002315 -.01207577  00000+0 -84799-2 0  9992
2 64727  53.1549 208.7593 0000908  86.6297 183.0810 15.76305548  3282
STARLINK-34239          
1 64728U 25144E   25196.20217591 -.00519393  00000+0 -33770-2 0  9996
2 64728  53.1532 208.9912 0000569  68.7788 291.3293 15.76665997  3286
STARLINK-34588          
1 64729U 25144F   25195.91668981 -.01170559  00000+0 -79153-2 0  9990
2 64729  53.1541 210.4090 0000966  86.4853  94.3345 15.77061372  3257
STARLINK-34606          
1 64730U 25144G   25195.91668981 -.01177723  00000+0 -79870-2 0  9998
2 64730  53.1538 210.4043 0000963  88.5409  94.4194 15.77013278  3255
STARLINK-34552          
1 64731U 25144H   25195.91668981 -.01187669  00000+0 -80933-2 0  9991
2 64731  53.1538 210.3994 0000929  89.1583  96.0836 15.76929821  3252
STARLINK-34596          
1 64732U 25144J   25195.91668981 -.01196757  00000+0 -81790-2 0  9992
2 64732  53.1540 210.3952 0000971  90.2191  97.1402 15.76886008  3255
STARLINK-34556          
1 64733U 25144K   25195.91668981 -.01200520  00000+0 -82256-2 0  9995
2 64733  53.1537 210.3908 0000948  93.7145  95.7560 15.76838421  3259
STARLINK-34591          
1 64734U 25144L   25196.25002315 -.01197146  00000+0 -85685-2 0  9995
2 64734  53.1553 208.7282 0001049  93.0782 191.2668 15.75850352  3265
STARLINK-34587          
1 64735U 25144M   25195.91668981 -.01213378  00000+0 -83731-2 0  9991
2 64735  53.1536 210.3813 0000954  87.5144 106.2915 15.76709975  3198
STARLINK-34130          
1 64736U 25144N   25195.91668981 -.01231321  00000+0 -85484-2 0  9997
2 64736  53.1538 210.3763 0000992  92.0223 104.0493 15.76617517  3250
STARLINK-34619          
1 64737U 25144P   25195.91668981 -.01240258  00000+0 -86227-2 0  9993
2 64737  53.1538 210.3726 0000933  92.4095 105.6329 15.76607822  3259
STARLINK-34597          
1 64738U 25144Q   25195.91668981 -.01245181  00000+0 -86981-2 0  9991
2 64738  53.1541 210.3680 0000943  97.0064 103.2657 15.76513438  3236
STARLINK-34471          
1 64739U 25144R   25195.91668981 -.01281529  00000+0 -88219-2 0  9994
2 64739  53.1543 210.3635 0000905  98.1991 104.1414 15.76472288  3191
STARLINK-34208          
1 64740U 25144S   25195.91668981 -.01289370  00000+0 -89118-2 0  9997
2 64740  53.1542 210.3592 0000975  98.0418 106.4582 15.76396614  3250
STARLINK-34205          
1 64741U 25144T   25195.91668981 -.01286914  00000+0 -89130-2 0  9993
2 64741  53.1542 210.3546 0000981  89.2759 117.2862 15.76345848  3251
STARLINK-34607          
1 64742U 25144U   25195.91668981 -.01237719  00000+0 -87313-2 0  9994
2 64742  53.1544 210.3506 0001079  87.1878 121.4614 15.76273982  3237
STARLINK-34236          
1 64743U 25144V   25195.91668981 -.01199448  00000+0 -84646-2 0  9997
2 64743  53.1547 210.3458 0001131  90.6432 120.1499 15.76172712  3259
STARLINK-34185          
1 64744U 25144W   25195.91668981 -.01198313  00000+0 -84705-2 0  9994
2 64744  53.1543 210.3417 0001145  83.1126 129.7021 15.76132904  3258
STARLINK-34581          
1 64745U 25144X   25195.91668981 -.01199890  00000+0 -84999-2 0  9991
2 64745  53.1545 210.3372 0001116  85.0047 129.8425 15.76088680  3252
STARLINK-34592          
1 64746U 25144Y   25195.91668981 -.01241667  00000+0 -88628-2 0  9995
2 64746  53.1545 210.3332 0001139  92.2671 124.7104 15.76018712  3254
STARLINK-34589          
1 64747U 25144Z   25196.25002315 -.00893175  00000+0 -65825-2 0  9997
2 64747  53.1555 208.6727 0001078  92.5983 218.1597 15.74838511  3287
STARLINK-34536          
1 64748U 25144AA  25196.25002315 -.00829879  00000+0 -60982-2 0  9997
2 64748  53.1556 208.6683 0000772  81.9710 230.7919 15.74731845  3280
STARLINK-34595          
1 64749U 25144AB  25196.25002315 -.00477106  00000+0 -33981-2 0  9999
2 64749  53.1559 208.6606 0000852  96.2772 220.4622 15.74479602  3282
STARLINK-34531          
1 64750U 25144AC  25196.25002315 -.00763724  00000+0 -55903-2 0  9993
2 64750  53.1558 208.6650 0001324  93.7069 221.0365 15.74633921  3285
PROGRESS-MS 31          
1 64751U 25146A   25195.72314180  .00009036  00000+0  16298-3 0  9995
2 64751  51.6344 170.5783 0002691  11.6689 348.4362 15.50545164  1218
SHIYAN-28B 01           
1 64753U 25145A   25196.18324352  .00000568  00000+0  52676-4 0  9991
2 64753  11.0003   2.5684 0003115 198.7811 161.2302 14.29197541  1629
CZ-4C R/B               
1 64754U 25145B   25196.16902489  .00000967  00000+0  83249-4 0  9996
2 64754  10.9868 359.1668 0121841 152.6679 208.0019 14.56352006  1600
STARLINK-33965          
1 64755U 25147A   25196.25002315 -.01344069  00000+0 -56336-2 0  9990
2 64755  53.1566 273.6400 0000852  87.7311  26.4798 15.87541099  2321
STARLINK-34371          
1 64756U 25147B   25196.25002315 -.01346267  00000+0 -56297-2 0  9999
2 64756  53.1568 273.6369 0000874  88.6586  26.9558 15.87591877  2234
STARLINK-34401          
1 64757U 25147C   25196.25002315 -.01356878  00000+0 -56641-2 0  9992
2 64757  53.1568 273.6327 0000848  90.2657  27.3779 15.87649436  2176
STARLINK-34593          
1 64758U 25147D   25196.25002315 -.01366043  00000+0 -56917-2 0  9994
2 64758  53.1568 273.6284 0000846  83.9590  35.6440 15.87705916  2287
STARLINK-34598          
1 64759U 25147E   25196.25002315 -.01374435  00000+0 -57157-2 0  9996
2 64759  53.1568 273.6246 0000875  85.5685  35.9166 15.87761352  2230
STARLINK-34235          
1 64760U 25147F   25196.25002315 -.01385521  00000+0 -57519-2 0  9998
2 64760  53.1567 273.6202 0000864  87.3999  36.1831 15.87818993  2325
STARLINK-34635          
1 64761U 25147G   25196.25002315 -.01392463  00000+0 -57689-2 0  9990
2 64761  53.1567 273.6166 0000913  84.6729  40.6237 15.87873716  2280
STARLINK-34638          
1 64762U 25147H   25196.25002315 -.01402942  00000+0 -58022-2 0  9997
2 64762  53.1569 273.6121 0000868  86.0043  41.3840 15.87930952  2282
STARLINK-34534          
1 64763U 25147J   25196.25002315 -.01411739  00000+0 -58274-2 0  9991
2 64763  53.1566 273.6084 0000915  87.1711  42.0392 15.87987024  2287
STARLINK-34261          
1 64764U 25147K   25196.25002315 -.01419616  00000+0 -58485-2 0  9998
2 64764  53.1567 273.6043 0000943  84.3866  46.7613 15.88042028  2324
STARLINK-34566          
1 64765U 25147L   25196.25002315 -.01430853  00000+0 -58847-2 0  9997
2 64765  53.1566 273.6002 0000890  86.3473  46.7834 15.88100495  2289
STARLINK-34645          
1 64766U 25147M   25196.25002315 -.01436102  00000+0 -58937-2 0  9991
2 64766  53.1566 273.5965 0000898  89.4895  45.4001 15.88153811  2289
STARLINK-34639          
1 64767U 25147N   25196.25002315 -.01447438  00000+0 -59304-2 0  9995
2 64767  53.1566 273.5921 0000802  95.1296  41.8195 15.88211898  2235
STARLINK-34609          
1 64768U 25147P   25196.25002315 -.01460247  00000+0 -59731-2 0  9993
2 64768  53.1568 273.5880 0000905  87.7991  51.0575 15.88270317  2286
STARLINK-34246          
1 64769U 25147Q   25196.25002315 -.01477186  00000+0 -60350-2 0  9993
2 64769  53.1567 273.5835 0000883  86.3438  54.6956 15.88331085  2284
STARLINK-34618          
1 64770U 25147R   25196.25002315 -.01486979  00000+0 -60642-2 0  9999
2 64770  53.1568 273.5797 0000942  87.0744  55.6968 15.88386567  2175
STARLINK-34541          
1 64771U 25147S   25196.25002315 -.01536893  00000+0 -61301-2 0  9994
2 64771  53.1567 273.5755 0000967  84.4376  60.2871 15.88447750  2164
STARLINK-34652          
1 64772U 25147T   25196.25002315 -.01549358  00000+0 -61693-2 0  9999
2 64772  53.1567 273.5717 0000918  88.9490  57.5721 15.88503535  2285
STARLINK-34612          
1 64773U 25147U   25196.25002315 -.01572744  00000+0 -62555-2 0  9993
2 64773  53.1567 273.5673 0000922  88.9371  59.6532 15.88565925  2284
STARLINK-34621          
1 64774U 25147V   25196.25002315 -.01593009  00000+0 -63283-2 0  9990
2 64774  53.1568 273.5630 0000968  87.2742  63.3310 15.88625011  2170
STARLINK-34657          
1 64775U 25147W   25196.25002315 -.01615316  00000+0 -64102-2 0  9998
2 64775  53.1567 273.5587 0000997  86.1235  66.5767 15.88684330  2280
STARLINK-34637          
1 64776U 25147X   25196.25002315 -.01628103  00000+0 -64502-2 0  9991
2 64776  53.1565 273.5552 0000989  86.3837  68.0646 15.88739648  2176
STARLINK-34547          
1 64777U 25147Y   25196.25002315 -.01641818  00000+0 -64946-2 0  9992
2 64777  53.1567 273.5513 0000945  89.2330  67.0816 15.88794414  2235
STARLINK-34537          
1 64778U 25147Z   25196.25002315 -.01530638  68546-3 -38193-2 0  9998
2 64778  53.1568 273.5118 0000976  54.2167 121.2071 15.95196283  2326
STARLINK-34585          
1 64779U 25147AA  25196.25002315 -.01671770  00000+0 -65945-2 0  9994
2 64779  53.1566 273.5430 0000975  85.3535  74.9810 15.88902297  2232
STARLINK-34491          
1 64780U 25147AB  25196.25002315 -.01686105  00000+0 -66418-2 0  9990
2 64780  53.1567 273.5388 0000963  88.1841  74.2922 15.88955223  2284
STARLINK-34582          
1 64781U 25147AC  25196.25002315 -.01697782  00000+0 -66777-2 0  9992
2 64781  53.1569 273.5342 0000961  88.7034  75.8828 15.89005693  2173
STARLINK-34482          
1 64782U 25147AD  25196.25002315 -.01713474  00000+0 -67304-2 0  9997
2 64782  53.1566 273.5298 0000954  91.5833  75.1326 15.89060065  2329
CZ-4C DEB               
1 64783U 25145C   25195.68091291  .00096922  00000+0  41102-1 0  9999
2 64783  10.9783   6.6783 0039287 303.8999  55.7497 14.23170174   825
DROR 1                  
1 64784U 25148A   25195.43699454 -.00001738  18742-5  00000+0 0  9991
2 64784  24.2039 199.1450 8243965 180.6290 160.6230  1.19829330    30
CZ-7 DEB                
1 64787U 25149B   25196.07266247  .04855744  72455-5  40769-2 0  9993
2 64787  41.4716 211.4630 0106361 173.1943 237.4697 16.01519548    30
CZ-7 DEB                
1 64788U 25149C   25196.07648603 -.00002228  70589-5  00000+0 0  9999
2 64788  41.6281 211.4331 0238737 182.3744 231.1242 15.69723256    24
CZ-7 DEB                
1 64789U 25149D   25196.25791115  .04896883  69176-5  66108-2 0  9992
2 64789  41.8140 210.2759 0229508 177.7838 182.4103 15.71317358    63