HST                     
1 20580U 90037B   25196.17768479  .00003537  00000+0  12729-3 0  9997
2 20580  28.4670 215.1518 0002172  51.2943 308.7845 15.25560689737226
POLAR                   
1 23802U 96013A   25194.14540793  .00000276  00000+0  00000+0 0  9991
2 23802  79.4716 230.7770 6146046 220.5217  72.0141  1.29846800140450
SWAS                    
1 25560U 98071A   25195.66128264  .00002354  00000+0  16679-3 0  9995
2 25560  69.8974  15.8060 0003798  38.2207 321.9224 15.06288491446384
CXO                     
1 25867U 99040B   25198.52758380  .00000642  00000+0  00000+0 0  9993
2 25867  50.1201 128.3795 8378680 309.8247   0.6254  0.37805643 16052
XMM-NEWTON              
1 25989U 99066A   25197.29174765  .00000118  00000+0  00000+0 0  9996
2 25989  66.1233 287.4254 4829861  70.7746   0.1082  0.50130393 21319
TERRA                   
1 25994U 99068A   25196.18282742  .00000303  00000+0  71289-4 0  9994
2 25994  97.9965 253.1924 0001987 175.3988 252.1314 14.60732708360520
CLUSTER II-FM7 (SAMBA)  
1 26410U 00041A   25198.33144567  .00002682  00000+0  00000+0 0  9992
2 26410 144.9694  13.5959 8451528 228.9244 359.1819  0.44792713 30565
CLUSTER II-FM5 (RUMBA)  
1 26463U 00045A   25193.44804719  .00013867  00000+0  00000+0 0  9990
2 26463 150.8553  81.6694 9093981 300.8029   0.7614  0.42924273 18678
CLUSTER II-FM8 (TANGO)  
1 26464U 00045B   25197.93672112  .00002693  00000+0  00000+0 0  9994
2 26464 145.2131  13.9600 8453527 229.1570 359.2160  0.44419572 66475
ODIN                    
1 26702U 01007A   25195.64018971  .00023272  00000+0  54723-3 0  9992
2 26702  97.4407 219.7773 0002756 348.9606  11.1580 15.41988863336980
TIMED                   
1 26998U 01055B   25195.74213633  .00000782  00000+0  76934-4 0  9995
2 26998  74.0670 193.8327 0000766 258.7284 101.3814 14.94032559280402
CORIOLIS                
1 27640U 03001A   25196.14717328  .00000071  00000+0  53945-4 0  9996
2 27640  98.7125 203.1973 0015227 102.6498 257.6382 14.19800320166357
SORCE                   
1 27651U 03004A   25195.78203809  .00002535  00000+0  20749-3 0  9996
2 27651  39.9925  22.6214 0016389 146.4706 213.7128 15.00744234221146
MOST                    
1 27843U 03031D   25195.57682915  .00000037  00000+0  37162-4 0  9998
2 27843  98.7055 203.0031 0010541 141.9773 218.2150 14.21216528142752
SCISAT 1                
1 27858U 03036A   25195.64113247  .00000544  00000+0  75319-4 0  9993
2 27858  73.9305 121.6763 0008911 263.0682  96.9480 14.80760211181478
SWIFT                   
1 28485U 04047A   25195.68144761  .00013438  00000+0  31527-3 0  9990
2 28485  20.5532 207.9239 0005078  35.4289 324.6488 15.39383815134334
HINODE (SOLAR-B)        
1 29479U 06041A   25195.65746602  .00000482  00000+0  92545-4 0  9992
2 29479  98.0710 211.6034 0016184 279.4167  80.5208 14.67964701  5341
SHIJIAN-6 02A (SJ-6 02A)
1 29505U 06046A   25196.18778913  .00003987  00000+0  23774-3 0  9996
2 29505  97.6796 230.0642 0002868 193.7522 166.3631 15.11752465 21384
SHIJIAN-6 02B (SJ-6 02B)
1 29506U 06046B   25196.21482835  .00001212  00000+0  10242-3 0  9991
2 29506  97.7019 223.3880 0008028 106.6273 253.5832 14.99931320 20209
FGRST (GLAST)           
1 33053U 08029A   25195.60290326  .00002675  00000+0  10208-3 0  9996
2 33053  25.5832  23.9466 0008342 312.8324  47.1512 15.21272970944329
SDO                     
1 36395U 10005A   25193.20476840 -.00000083  00000+0  00000+0 0  9993
2 36395  33.9341  91.5438 0000934  97.2941  73.0521  1.00269723 56659
CRYOSAT 2               
1 36508U 10013A   25195.92522934  .00000140  00000+0  34073-4 0  9990
2 36508  92.0091 195.7780 0002441  82.3400 277.8084 14.51912384809146
X-SAT                   
1 37389U 11015C   25196.22202187  .00000078  00000+0  50774-4 0  9996
2 37389  98.3131 185.0764 0012828 251.1694 108.8095 14.25050703740208
GCOM-W1 (SHIZUKU)       
1 38337U 12025A   25195.72788421  .00000346  00000+0  86853-4 0  9991
2 38337  98.2021 136.0938 0001210  79.9874 341.6341 14.57144782699892
NUSTAR                  
1 38358U 12031A   25196.25002315  .00008987  00000+0  57186-3 0  9996
2 38358   6.0285  32.7203 0007977 160.1550 284.8578 15.04100973713424
NEOSSAT                 
1 39089U 13009D   25195.76591107  .00000105  00000+0  51059-4 0  9999
2 39089  98.4081  19.0371 0011279 166.1493 194.0004 14.35625583648325
BRITE-AUSTRIA           
1 39091U 13009F   25195.93025623  .00000111  00000+0  52434-4 0  9991
2 39091  98.3892  18.9477 0010605 160.8073 199.3515 14.36324352648639
IRIS                    
1 39197U 13033A   25195.65512004  .00000760  00000+0  95979-4 0  9999
2 39197  97.9510  30.8589 0024572 345.6258  14.4254 14.84645406650270
HISAKI (SPRINT-A)       
1 39253U 13049A   25196.10641608  .00000098  00000+0  42711-4 0  9993
2 39253  29.7186 133.6836 0136965 164.1823 196.3082 13.55496594586696
CASSIOPE                
1 39265U 13055A   25196.21166215  .00028464 -80524-6  43399-3 0  9997
2 39265  80.9407 107.7529 0387286  97.4880 267.0507 14.99291069616714
STSAT-3                 
1 39422U 13066G   25196.22079724  .00002210  00000+0  18201-3 0  9991
2 39422  97.5705 168.3745 0020058 106.7239 253.6187 14.99940769633644
SWARM B                 
1 39451U 13067A   25195.91860297  .00002274  00000+0  88505-4 0  9997
2 39451  87.7419  84.5436 0002608  91.4737 268.6810 15.25477792631771
SWARM A                 
1 39452U 13067B   25196.23838513  .00006608  00000+0  15008-3 0  9992
2 39452  87.3422 180.4217 0003201  91.2125 268.9498 15.42808291654203
SWARM C                 
1 39453U 13067C   25196.23827971  .00006632  00000+0  15064-3 0  9998
2 39453  87.3422 179.0124 0003198  91.2830 268.8793 15.42807350654171
BRITE-CA1 (TORONTO)     
1 40020U 14033L   25195.92803363  .00000507  00000+0  85918-4 0  9999
2 40020  97.9302 327.2336 0078619 276.6053  82.6210 14.71672030592707
OCO 2                   
1 40059U 14035A   25195.91877384  .00000295  00000+0  75519-4 0  9996
2 40059  98.2018 137.0302 0001458  82.4392 277.6972 14.57093850586933
BRITE-PL2 (HEWELIUSZ)   
1 40119U 14049B   25195.74803284  .00001210  00000+0  12277-3 0  9996
2 40119  97.8928 301.0652 0015458 144.0007 216.2256 14.92680385591078
MMS 1                   
1 40482U 15011A   25196.25002315 -.00001216  00000+0  00000+0 0  9996
2 40482  65.8770 354.4508 8691078 160.2624  83.9877  0.28480626 16490
MMS 2                   
1 40483U 15011B   25196.25002315 -.00001217  00000+0  00000+0 0  9998
2 40483  65.8793 354.4498 8694148 160.2589  83.9870  0.28481670 16476
MMS 3                   
1 40484U 15011C   25196.25002315 -.00001216  00000+0  00000+0 0  9998
2 40484  65.8839 354.4584 8693051 160.2683  83.9547  0.28481684 16477
MMS 4                   
1 40485U 15011D   25196.25002315 -.00001216  00000+0  00000+0 0  9999
2 40485  65.8756 354.4442 8693132 160.2764  83.9453  0.28481602 16475
ASTROSAT                
1 40930U 15052A   25195.13630106  .00001336  00000+0  83636-4 0  9993
2 40930   5.9975  66.8486 0008760 251.8162 108.1012 14.81484275529594
DAMPE                   
1 41173U 15078A   25196.26187724  .00000982  00000+0  36942-4 0  9993
2 41173  97.4486 195.4875 0012109 183.1841 176.9324 15.29523690533021
PISAT                   
1 41784U 16059B   25195.59461509  .00000617  00000+0  11513-3 0  9993
2 41784  97.8154 205.8714 0028989 200.9366 159.0654 14.67994967470192
HXMT (HUIYAN)           
1 42758U 17034A   25196.21180219  .00003006  00000+0  17259-3 0  9993
2 42758  43.0140 253.4083 0034377 178.6555 181.4389 15.14085975446526
FLYING LAPTOP           
1 42831U 17042G   25195.90315161  .00000666  00000+0  59688-4 0  9997
2 42831  97.4097   1.7340 0011110 185.8076 174.3020 14.98853559435893
ZHANGHENG 1-01 (CSES-1) 
1 43194U 18015C   25196.20080021  .00006209  00000+0  28472-3 0  9994
2 43194  97.6532 350.8773 0014342  36.4959 323.7250 15.20731771413428
SALSAT                  
1 46495U 20068K   25195.50485703  .00005170  00000+0  22191-3 0  9998
2 46495  97.8623 175.1596 0012496  48.2305 311.9996 15.23128119263847
IXPE                    
1 49954U 21121A   25196.25002315  .00010076  00000+0  61585-3 0  9990
2 49954   0.2314 337.6314 0008102  33.0978 109.9367 15.05759981197115